1,20155,20182,20624,20160428180148GMT+07:00,20160428180148GMT+07:00,1,d3f0fd45-3f38-4121-b2e0-04cf14da7154,6,,0,0,0,Đơn,,24477,0,1,123,20160407000000GMT+07:00,0,0,0,
2,20155,20182,20624,20160428180148GMT+07:00,20160428180148GMT+07:00,1,de69f8f9-ed23-490e-b29e-ea0b23d5e02f,7,,0,0,0,Loại 1,,24487,0,1,,null,0,0,0,
3,20155,20182,20624,20160428180148GMT+07:00,20160428180148GMT+07:00,1,4dfa7670-e614-4627-b6d2-9a926e18de11,8,,0,0,0,Loại 2,,24497,0,1,,null,0,0,0,
4,20155,20182,20624,20160428180354GMT+07:00,20160428180354GMT+07:00,2,9100cca9-49bf-4158-9b98-1e206706b13f,6,,0,0,0,Đơn,,24520,0,1,2345,20160407000000GMT+07:00,0,0,0,
5,20155,20182,20624,20160428180354GMT+07:00,20160428180354GMT+07:00,2,9e7d67fb-ade8-4344-afe7-3cbf4650534d,7,,0,0,0,Loại 1,,24530,0,1,,null,0,0,0,
6,20155,20182,20624,20160428180354GMT+07:00,20160428180354GMT+07:00,2,372f1e6f-1de8-49bf-82ff-8ed7392af8f9,8,,0,0,0,Loại 3,,24540,0,1,,null,0,0,0,
7,20155,20182,20624,20160428180354GMT+07:00,20160428180354GMT+07:00,2,72d9ba5f-d6ab-43f5-94ee-a88da4fa3256,9,,0,0,0,Loại 2,,24550,0,1,,null,0,0,0,
101,20155,20182,20624,20160504112057GMT+07:00,20160504112057GMT+07:00,101,502f1c36-c143-4a31-b752-546b148421e2,6,,0,0,0,Đơn,,24725,0,1,122/DC,20160501000000GMT+07:00,0,0,0,
102,20155,20182,20624,20160504112057GMT+07:00,20160504112057GMT+07:00,101,1c1cedfb-ad8a-4260-8667-f1bf65468fe3,7,,0,0,0,Loại 1,,24735,0,1,,null,0,0,0,
103,20155,20182,20624,20160504112057GMT+07:00,20160504112057GMT+07:00,101,c5875c2b-7d9f-4539-b85d-c8d7c2b30e7c,8,,0,0,0,Loại 2,,24745,0,1,,null,0,0,0,
104,20155,20182,20624,20160504112057GMT+07:00,20160504112057GMT+07:00,101,1ad0cadb-aa0e-4d46-a8f2-d976987d578c,9,,0,0,0,Loại 3,,24755,0,1,,null,0,0,0,
